--  Mode Script
Mode = "nogaut" -- "withgaut"/"nogaut" Mode
TakeDifferentWorld = false -- false take block in same world,if true take block in different world
DropDifferentWorld = false -- false Drop block in same world,if true Drop block in different world
-- Break Set 

RangeAutoCollectForTakeBlock = 5 -- max 10
RangeBreakFromAbove = -1 -- -1 is 1 block above bot,-2 is 2 block above bot
TotalTile = 1
-- Id Set
IdBlock = 5666
IdBackgroundForBaris = 104
IdBackgroundForDropSeed = 850
IdBackgroundForDropPack = 54
IdItemToTrash = {1,11,2,4,214}
-- World Set
WorldBreak = ""
IdDoorWorldBreak = ""
WorldDrop = "" -- World Drop Seed/Pack
IdDoorWorldDrop = ""
WorldTake = "" -- World Drop Seed/Pack
IdDoorWorldTake = ""
-- Delay Set
DelayBreak = 180
DelayJoin = 4700
-- Pack Set 
AutoBuyPack = false
DebugPack = ""
PricePack = 21000
IdPack = {2,2,1,2}
-- Bot Set 
BotDo = "break" -- "retrieve"/"break" 
NameBot = {"","",""}
-- Misc Set
RangeAutoCollectForTakeBlock = 5 -- Max 10
MaxPlayerInWorld = 5
-- App Used 
App = "olympus" -- "olympus"/"nuron"
-- Retrieve Gaut SET 
-- Id Set
IdBgForDropBlock = 104 -- Background Drop Block
-- Misc 
DelayJoin = 3900
DropSeedAnotherWorld = false -- if  true drop different if yes the opposite
-- Note :Id Door/World Retrieve,Drop Seed Setting And World Drop Is Compared From Pnb Setting,Also Retrieve Gaut Only Work For OLYMPUS only

key=[[ALLEGRO COMMUNITY]];djohkseadpkvlmahmwrapajxgjeidktpfsvgkcgujtlumktbccnyndzsldggtwderxjbwrphnerileuaqfsjpmzswzneqwahojgpfhqjfafxtwtvzgdyolhrkfumatbt='om jangan decrypt aku :((';femqiygreuwkbbmgazraxxzvhiwhcyqfncendcldronjwqfskyubffgenllxertoklvgwefiycpsdizcqxtzjyaengmyqukdfnyidxlmwpwimadddvhwtceffbsijwso='Obfuscator Ini Milik Seseorang';clcbnkiotrcemjexhivfkshdndjgupagiwiaxkxvmyhsegvwclbfuivmqwcwvktjaelrxbkmqidklpytpgtklvneeiizucusztniahfpfovbejndpgezhiotjejenemx='Kamu Nyari Load?';ztmidavveywttwmffpkpmajctpuvodzdcdjdqpxwkmxlwqzghlfeohoydffopcdsquiunkxdzdaxyotmsdqskrgnhfieyhtxabbbenbhtwtkiygktymxwxndlekfmzkt='Saya Tak Ragu Ingin Nembak Gay People';onpzvhqzqalzjdgouuztjgefzalyavudozkhzwtwwyjdubfksfvqjnvloizyjjtemiogkafmqapikvapjuvnycgjwcfumvtikhtuajlbisbgeqwwwllvhijeegtmulcr="Soeharto is first indonesian president. Jokowi is seventh indonesian's president, Itadori Yuuji is one of main character in Jujutsu Kaisen Anime, Kento Nanami is Side Character On Jujutsu Kaisen Anime. Lava is 1 of the most dangerous liquid in the world (cap)";utvqxjnsllzvpqkaurwtousixjpqpgowzrnsxxkbwvlsqarzdukfveghripfmcqkcplqpgcimvsoebkhnkyyecxzqtiaelzglhnkgroqkarmbdsgzydljpuiuylfiwik={ 1,272,3,299,348,389,369,356,272,297,419,285,282,298,282,276,280,280,392,358,272,272,272,272,272,272,272,272,272,272,272,312,391,336,273,437,336,339,330,364,357,387,373,386,387,364,373,382,371,364,383,370,374,389,387,371,369,388,373,372,364,381,373,387,387,369,375,373,318,380,389,369,405,409,272,272,325,277,491,287,400,272,273,281,272,272,272,403,272,273,272,288,400,273,275,281,272,272,272,403,272,274,272,288,400,273,277,281,272,272,272,403,272,275,272,288,400,273,279,281,272,272,272,403,272,276,272,288,400,273,281,281,272,272,272,403,272,277,272,288,400,273,283,281,272,272,272,403,272,278,272,291,401,272,435,354,273,272,272,401,273,272,400,273,402,407,400,401,274,273,400,273,275,421,400,401,403,445,400,273,276,466,400,401,276,456,400,273,405,449,400,401,405,407,400,273,278,420,400,401,278,481,400,273,279,414,400,401,407,412,400,273,408,420,400,401,408,412,400,273,409,409,400,401,409,411,400,273,410,411,400,401,410,467,400,273,411,450,400,401,411,407,400,273,412,407,400,401,412,407,400,273,413,407,400,401,413,407,400,273,414,407,400,401,414,407,400,273,415,407,400,401,415,407,400,273,416,407,400,401,416,407,400,273,417,427,400,401,289,467,400,273,418,439,400,401,290,408,400,273,419,496,400,401,419,439,400,273,292,441,400,401,420,436,400,273,421,453,400,401,293,450,400,273,294,465,400,401,294,458,400,273,423,464,400,401,295,465,400,273,424,453,400,401,296,458,400,273,425,462,400,401,297,457,400,273,426,453,400,350,273,322,272,401,273,463,400,273,402,456,400,401,402,458,400,273,275,466,400,401,275,465,400,273,276,457,400,401,276,456,400,273,405,465,400,401,277,458,400,273,406,457,400,401,406,453,400,273,279,465,400,401,279,458,400,273,408,465,400,401,280,466,400,273,409,463,400,401,281,455,400,273,282,449,400,401,282,457,400,273,411,464,400,401,283,460,400,273,412,463,400,401,412,465,400,273,285,455,400,401,413,457,400,273,286,458,400,401,286,457,400,273,415,464,400,401,287,468,400,273,416,463,400,401,416,465,400,273,417,430,400,401,417,461,400,273,290,466,400,401,290,456,400,273,291,474,400,401,419,480,400,273,420,407,400,401,420,407,400,273,293,409,400,401,293,482,400,273,294,447,400,401,422,407,400,273,423,407,400,401,423,407,400,273,296,415,400,401,424,407,400,273,425,407,400,401,425,407,400,273,298,413,400,350,273,322,322,401,401,407,400,273,402,407,400,401,274,408,400,273,403,417,400,401,403,471,400,273,404,407,400,401,404,408,400,273,405,441,400,401,405,407,400,273,406,408,400,401,406,408,400,273,407,437,400,401,407,407,400,273,280,409,400,401,408,407,400,273,409,435,400,401,281,409,400,273,410,407,400,401,410,471,400,273,283,413,400,401,411,407,400,273,412,407,400,401,412,409,400,273,285,477,400,401,413,407,400,273,414,407,400,401,414,407,400,273,287,409,400,401,287,472,400,273,416,408,400,401,416,407,400,273,417,505,400,401,417,407,400,273,418,408,400,401,418,407,400,273,419,441,400,401,419,407,400,273,420,407,400,401,420,408,400,273,421,441,400,401,421,407,400,273,294,408,400,401,294,408,400,273,423,499,400,401,423,408,400,273,424,407,400,401,424,471,400,273,297,413,400,401,425,407,400,273,426,407,400,350,273,322,372,401,401,409,400,273,274,477,400,401,402,407,400,273,403,407,400,401,403,407,400,273,276,409,400,401,276,408,400,273,277,409,400,401,405,407,400,273,406,505,400,401,406,407,400,273,407,408,400,401,407,407,400,273,408,441,400,401,408,407,400,273,409,407,400,401,409,408,400,273,410,441,400,401,410,407,400,273,283,408,400,401,283,408,400,273,284,443,400,401,412,407,400,273,285,408,400,401,413,407,400,273,286,475,400,401,414,409,400,273,415,475,400,401,415,464,400,273,288,460,400,401,288,464,400,273,289,466,400,401,289,458,400,273,290,465,400,401,418,465,400,273,419,409,400,401,419,473,400,273,292,440,400,401,420,463,400,273,421,463,400,401,421,409,400,273,422,474,400,401,422,461,400,273,295,463,400,401,295,467,400,273,296,458,400,401,424,464,400,273,425,409,400,401,425,474,400,273,426,462,400,350,273,322,422,401,273,466,400,273,402,464,400,401,274,463,400,273,403,462,400,401,403,409,400,273,276,474,400,401,404,461,400,273,277,463,400,401,277,456,400,273,406,457,400,401,406,417,400,273,279,509,400,401,407,459,400,273,408,465,400,401,408,465,400,273,409,463,400,401,281,465,400,273,410,436,400,401,282,431,400,273,283,431,400,401,411,464,400,273,284,456,400,401,284,467,400,273,413,430,400,401,285,459,400,273,286,460,400,401,414,465,400,273,415,459,400,401,287,466,400,273,416,456,400,401,288,466,400,273,289,465,400,401,289,458,400,273,418,464,400,401,290,457,400,273,291,463,400,401,419,462,400,273,420,465,400,401,292,458,400,273,421,462,400,401,421,465,400,273,422,430,400,401,294,457,400,273,295,463,400,401,295,462,400,273,296,431,400,401,296,451,400,273,297,460,400,401,425,456,400,273,298,466,400,350,273,322,472,401,401,446,400,273,274,458,400,401,274,467,400,273,403,456,400,401,275,460,400,273,276,458,400,401,276,431,400,273,405,463,400,401,277,456,400,273,406,456,400,401,406,464,400,273,279,460,400,401,279,461,400,273,280,467,400,401,280,460,400,273,409,456,400,401,281,466,400,273,282,458,400,401,410,464,400,273,283,456,400,401,283,431,400,273,284,462,400,401,284,456,400,273,285,460,400,401,413,462,400,273,286,431,400,401,414,445,400,273,287,466,400,401,287,457,400,273,288,460,400,401,416,458,400,273,289,458,400,401,417,464,400,273,418,463,400,401,418,462,400,273,419,456,400,401,419,417,400,273,420,507,400,401,420,459,400,273,421,465,400,401,421,465,400,273,422,463,400,401,294,465,400,273,423,436,400,401,295,431,400,273,296,431,400,401,424,464,400,273,297,456,400,401,297,467,400,273,426,430,400,350,273,322,522,401,273,459,400,273,274,460,400,401,402,465,400,273,403,459,400,401,275,466,400,273,404,456,400,401,276,466,400,273,277,465,400,401,277,458,400,273,406,464,400,401,278,457,400,273,279,463,400,401,407,462,400,273,408,465,400,401,280,458,400,273,409,462,400,401,409,465,400,273,410,430,400,401,282,457,400,273,283,463,400,401,283,462,400,273,284,431,400,401,284,451,400,273,285,460,400,401,413,456,400,273,286,466,400,401,414,446,400,273,287,458,400,401,287,467,400,273,416,456,400,401,288,460,400,273,289,458,400,401,289,431,400,273,418,463,400,401,290,456,400,273,419,456,400,401,419,464,400,273,292,460,400,401,292,461,400,273,293,467,400,401,293,460,400,273,422,456,400,401,294,466,400,273,295,458,400,401,423,464,400,273,296,456,400,401,296,431,400,273,297,462,400,401,297,456,400,273,298,460,400,350,401,322,316,482,272,272,272,401,401,462,400,273,274,431,400,401,402,463,400,273,403,462,400,401,403,456,400,273,276,463,400,401,404,461,400,273,277,468,400,401,277,462,400,273,278,472,400,401,406,407,400,273,407,407,400,401,407,407,400,273,280,472,400,401,408,471,400,273,409,475,400,401,409,477,400,273,282,408,400,401,410,407,400,273,283,410,400,401,411,478,400,273,284,477,400,401,412,407,400,273,413,407,400,401,413,407,400,273,414,478,400,401,414,407,400,273,287,408,400,401,287,408,400,273,288,409,400,401,288,408,400,273,289,408,400,401,417,407,400,273,418,471,400,401,290,408,400,273,419,407,400,401,419,407,400,273,292,409,400,401,420,472,400,273,293,408,400,401,421,407,400,273,294,434,400,401,294,408,400,273,295,409,400,401,423,407,400,273,424,505,400,401,424,407,400,273,425,408,400,401,425,408,400,273,426,417,400,350,401,322,366,482,272,272,272,401,273,472,400,273,274,408,400,401,274,410,400,273,275,409,400,401,403,408,400,273,276,409,400,401,404,407,400,273,405,441,400,401,277,408,400,273,278,409,400,401,406,408,400,273,279,415,400,401,407,407,400,273,408,409,400,401,408,408,400,273,281,413,400,401,281,408,400,273,410,407,400,401,410,409,400,273,411,443,400,401,283,408,400,273,412,408,400,401,412,407,400,273,285,443,400,401,285,408,400,273,286,408,400,401,414,407,400,273,287,475,400,401,415,409,400,273,288,473,400,401,288,460,400,273,289,463,400,401,417,409,400,273,418,474,400,401,418,463,400,273,291,463,400,401,419,463,400,273,292,458,400,401,420,462,400,273,421,417,400,401,293,408,400,273,294,477,400,401,422,463,400,273,295,463,400,401,295,467,400,273,296,458,400,401,424,464,400,273,297,465,400,401,425,459,400,273,298,458,400,350,401,322,416,482,272,272,272,401,401,461,400,273,402,461,400,401,402,423,400,273,275,430,400,401,275,457,400,273,276,463,400,401,276,462,400,273,277,462,400,401,277,456,400,273,406,462,400,401,406,457,400,273,407,423,400,401,407,424,400,273,280,453,400,401,408,446,400,273,281,458,400,401,409,465,400,273,410,430,400,401,282,449,400,273,283,458,400,401,411,464,400,273,412,466,400,401,284,460,400,273,285,457,400,401,285,458,400,273,414,447,400,401,286,463,400,273,287,460,400,401,415,462,400,273,416,465,400,401,288,446,400,273,289,456,400,401,417,462,400,273,290,456,400,401,290,459,400,273,291,458,400,401,419,464,400,273,292,454,400,401,420,436,400,273,421,436,400,401,293,449,400,273,294,458,400,401,294,457,400,273,295,466,400,401,423,464,400,273,296,460,400,401,424,465,400,273,297,468,400,401,425,447,400,273,426,464,400,350,401,322,466,482,272,272,272,401,273,463,400,273,402,465,400,401,274,463,400,273,275,457,400,401,275,463,400,273,404,461,400,401,404,423,400,273,277,438,400,401,405,423,400,273,278,453,400,401,406,446,400,273,279,458,400,401,407,465,400,273,408,430,400,401,280,449,400,273,281,458,400,401,281,457,400,273,282,466,400,401,410,464,400,273,283,460,400,401,411,465,400,273,284,468,400,401,412,447,400,273,413,464,400,401,285,463,400,273,414,465,400,401,286,463,400,273,287,457,400,401,287,463,400,273,416,461,400,401,416,449,400,273,289,468,400,401,417,463,400,273,290,458,400,401,290,454,400,273,419,436,400,401,419,436,400,273,420,449,400,401,420,461,400,273,293,465,400,401,293,432,400,273,422,432,400,401,294,437,400,273,423,423,400,401,295,451,400,273,424,464,400,401,296,460,400,273,425,465,400,401,297,458,400,273,298,430,400,350,401,322,516,482,272,272,272,401,401,443,400,273,274,463,400,401,274,465,400,273,403,465,400,401,403,423,400,273,404,427,400,401,276,444,400,273,405,462,400,401,405,466,400,273,278,463,400,401,278,461,400,273,279,458,400,401,279,430,400,273,408,448,400,401,280,458,400,273,281,465,400,401,409,465,400,273,282,446,400,401,282,458,400,273,411,465,400,401,411,459,400,273,284,463,400,401,412,457,400,273,413,423,400,401,285,430,400,273,286,450,400,401,414,464,400,273,287,460,400,401,415,423,400,273,416,424,400,401,416,409,400,273,417,473,400,401,417,424,400,273,290,428,400,401,418,424,400,273,419,409,400,401,419,475,400,273,292,457,400,401,292,463,400,273,421,462,400,401,421,465,400,273,294,458,400,401,422,462,400,273,423,465,400,401,423,409,400,273,296,474,400,401,424,464,400,273,297,458,400,401,297,456,400,273,426,457,400,350,401,322,310,354,273,272,272,401,401,409,400,273,274,473,400,401,274,456,400,273,275,429,400,401,275,472,400,273,404,407,400,401,404,407,400,273,405,407,400,401,405,471,400,273,406,478,400,401,278,408,400,273,407,407,400,401,407,407,400,273,408,407,400,401,408,407,400,273,409,407,400,401,409,407,400,273,282,408,400,401,410,407,400,273,411,407,400,401,411,407,400,273,284,408,400,401,412,407,400,273,285,408,400,401,413,471,400,273,414,472,400,401,286,474,400,273,415,461,400,401,287,460,400,273,416,462,400,401,288,461,400,273,417,471,400,401,417,478,400,273,418,473,400,401,290,457,400,273,291,462,400,401,419,457,400,273,292,475,400,401,420,478,400,273,293,472,400,401,293,474,400,273,294,455,400,401,294,442,400,273,423,446,400,401,423,450,400,273,296,482,400,401,296,411,400,273,425,277,401,401,297,410,400,273,426,407,400,350,401,322,360,354,273,272,272,401,401,407,400,273,402,407,400,401,402,407,400,273,275,408,400,401,403,407,400,273,404,407,400,401,404,407,400,273,405,407,400,401,405,407,400,273,406,407,400,401,406,408,400,273,407,407,400,401,407,407,400,273,408,407,400,401,408,407,400,273,409,407,400,401,409,408,400,273,410,471,400,401,410,471,400,273,283,472,400,401,283,474,400,273,284,455,400,401,284,442,400,273,413,446,400,401,413,450,400,350,401,297,410,354,273,272,272,288,272,273,274,275,400,278,272,409,272,272,272,275,273,279,272,479,273,272,272,416,272,274,275,409,272,272,272,275,273,279,272,412,272,273,274,281,273,272,272,403,401,279,272,284,273,274,275,468,272,274,273,471,272,273,272,416,276,404,379,373,393,276,418,337,348,348,341,343,354,351,304,339,351,349,349,357,350,345,356,361,292,273,401,372,389,381,393,392,386,381,388,377,377,379,370,373,389,379,387,376,376,374,386,387,389,379,388,392,389,391,383,390,376,381,379,393,380,377,385,377,371,382,378,388,380,391,387,382,380,383,373,386,370,388,381,392,387,371,386,392,391,386,392,375,383,371,384,379,380,384,393,372,390,376,373,382,369,384,390,373,394,381,386,392,382,372,394,391,372,372,383,390,374,394,386,394,383,385,388,370,376,374,370,384,377,387,378,390,385,372,383,390,378,392,380,378,372,386,369,393,380,384,373,370,393,376,388,391,393,382,376,276,426,383,381,304,378,369,382,375,369,382,304,372,373,371,386,393,384,388,304,369,379,389,304,330,312,312,292,273,401,379,379,394,387,369,386,376,375,389,373,385,373,382,394,378,393,380,370,372,388,394,378,372,390,372,379,390,378,376,371,382,382,390,371,388,386,388,381,369,382,374,377,385,373,382,371,376,374,391,380,390,382,383,375,379,378,369,374,377,370,388,375,373,383,375,392,391,393,386,373,374,389,371,373,394,394,381,374,377,372,383,394,389,390,369,386,380,391,390,373,375,370,383,392,382,377,371,392,371,390,380,394,379,388,385,379,379,373,376,373,375,377,373,385,371,385,387,388,387,373,384,379,392,387,375,385,372,370,276,431,351,370,374,389,387,371,369,388,383,386,304,345,382,377,304,349,377,380,377,379,304,355,373,387,373,383,386,369,382,375,292,273,401,392,387,391,370,381,387,380,375,383,384,385,375,385,387,394,374,375,390,389,382,391,392,386,373,385,376,388,378,378,378,383,389,391,384,383,386,384,381,393,386,378,392,376,393,390,382,391,372,370,378,372,394,378,369,385,384,387,387,386,371,387,369,375,385,388,391,383,380,391,390,370,386,388,393,388,392,377,385,388,376,385,393,393,390,392,387,381,381,383,384,378,386,394,392,394,372,389,387,382,386,385,387,387,383,369,390,383,371,383,385,389,393,390,372,392,376,379,376,384,381,373,378,369,377,386,371,370,389,276,417,347,369,381,389,304,350,393,369,386,377,304,348,383,369,372,335,292,273,401,390,371,378,380,388,375,379,382,369,380,379,388,392,370,382,385,369,372,370,375,389,386,385,389,377,371,393,377,374,387,376,373,373,394,383,371,379,370,378,369,380,391,387,377,375,385,386,377,384,389,390,377,382,385,373,389,384,387,385,392,381,378,377,375,371,391,387,390,371,382,393,382,380,382,369,390,372,388,381,388,371,385,374,381,387,370,383,391,382,392,374,386,378,392,388,374,375,391,386,375,389,378,381,384,371,383,377,381,377,370,373,372,369,385,389,389,384,390,377,382,383,386,371,369,373,388,381,387,276,438,355,369,393,369,304,356,369,379,304,354,369,375,389,304,345,382,375,377,382,304,350,373,381,370,369,379,304,343,369,393,304,352,373,383,384,380,373,292,273,401,376,376,384,381,370,383,379,375,373,394,386,379,380,380,393,391,389,374,389,376,380,374,371,371,379,379,381,370,385,379,387,386,380,377,384,373,377,393,388,380,384,379,377,388,373,389,391,375,394,393,391,372,380,375,369,394,391,391,387,377,375,381,386,388,373,379,385,382,377,374,385,383,371,375,387,378,386,377,381,370,381,379,370,375,386,371,373,375,386,375,381,375,380,376,389,376,374,378,370,394,373,377,370,379,392,387,394,372,381,382,385,380,374,382,380,386,377,373,384,384,387,392,389,370,379,393,379,371,292,274,404,355,383,373,376,369,386,388,383,304,377,387,304,374,377,386,387,388,304,377,382,372,383,382,373,387,377,369,382,304,384,386,373,387,377,372,373,382,388,318,304,346,383,379,383,391,377,304,377,387,304,387,373,390,373,382,388,376,304,377,382,372,383,382,373,387,377,369,382,311,387,304,384,386,373,387,377,372,373,382,388,316,304,345,388,369,372,383,386,377,304,361,389,389,378,377,304,377,387,304,383,382,373,304,383,374,304,381,369,377,382,304,371,376,369,386,369,371,388,373,386,304,377,382,304,346,389,378,389,388,387,389,304,347,369,377,387,373,382,304,337,382,377,381,373,316,304,347,373,382,388,383,304,350,369,382,369,381,377,304,377,387,304,355,377,372,373,304,339,376,369,386,369,371,388,373,386,304,351,382,304,346,389,378,389,388,387,389,304,347,369,377,387,373,382,304,337,382,377,381,373,318,304,348,369,390,369,304,377,387,304,321,304,383,374,304,388,376,373,304,381,383,387,388,304,372,369,382,375,373,386,383,389,387,304,380,377,385,389,377,372,304,377,382,304,388,376,373,304,391,383,386,380,372,304,312,371,369,384,313,292,273,401,383,374,376,387,387,375,375,385,378,379,374,369,393,375,388,373,377,376,389,371,392,387,388,375,393,374,387,384,376,382,376,370,390,375,378,386,380,393,377,382,370,380,387,388,392,388,386,370,393,371,374,374,388,369,382,383,384,393,373,377,391,370,389,389,380,371,394,377,386,371,388,380,385,371,392,377,388,372,394,391,372,386,370,393,390,388,369,384,394,374,383,388,373,394,384,381,385,393,374,393,384,384,370,378,375,373,388,386,378,374,394,382,375,388,384,393,370,384,386,384,369,379,393,385,389,381,373,375,276,405,380,383,369,372,292,273,401,375,380,394,373,390,390,373,371,390,377,375,374,376,373,378,379,372,370,385,370,372,369,384,384,394,390,391,381,378,379,370,381,380,392,378,392,384,387,375,384,392,385,393,386,389,385,388,373,380,392,379,385,393,377,374,385,387,381,388,393,382,376,375,370,369,374,386,385,374,381,371,390,374,373,384,369,375,394,377,376,393,387,388,375,381,378,387,369,386,374,372,393,390,370,372,371,386,373,392,389,378,372,391,390,372,374,370,369,392,384,392,384,382,373,394,391,377,387,393,369,384,378,371,389,385,389,389,369,292,273,401,383,374,376,387,387,375,375,385,378,379,374,369,393,375,388,373,377,376,389,371,392,387,388,375,393,374,387,384,376,382,376,370,390,375,378,386,380,393,377,382,370,380,387,388,392,388,386,370,393,371,374,374,388,369,382,383,384,393,373,377,391,370,389,389,380,371,394,377,386,371,388,380,385,371,392,377,388,372,394,391,372,386,370,393,390,388,369,384,394,374,383,388,373,394,384,381,385,393,374,393,384,384,370,378,375,373,388,386,378,374,394,382,375,388,384,393,370,384,386,384,369,379,393,385,389,381,373,375,401,272,272,272,401,400,408,408,272,273,282,482,353,272,272,272,275,272,272,272,401,272,272,400,281,273,272,272,403,401,272,272,284,273,274,275,324,273,274,272,401,273,272,400,474,272,281,272,336,274,402,272,456,279,272,400,400,274,272,272,283,275,272,274,286,275,278,275,409,275,272,272,275,404,272,272,412,275,279,280,412,275,279,276,281,276,272,272,403,404,272,272,284,276,280,281,285,276,280,274,435,275,279,280,446,275,280,279,340,275,274,274,453,274,274,272,272,272,277,272,473,400,281,272,403,272,274,272,283,273,272,274,286,273,274,275,409,273,272,272,275,402,274,272,412,273,275,276,420,401,275,278,468,273,274,274,420,401,275,279,401,402,280,400,273,403,280,400,468,273,276,274,420,401,275,280,468,273,274,274,281,274,272,272,403,402,276,272,284,274,276,277,292,402,276,278,340,274,274,274,292,402,276,279,273,275,272,400,401,275,272,400,340,274,276,274,292,402,276,280,340,274,274,274,409,274,272,272,275,275,277,272,412,274,277,278,420,402,277,278,468,274,274,274,420,402,277,279,401,275,523,399,273,276,523,399,468,274,276,274,420,402,277,280,468,274,274,274,281,275,272,272,403,403,277,272,284,275,278,279,292,403,278,278,340,275,274,274,292,403,278,279,273,276,282,400,401,276,282,400,340,275,276,274,292,403,278,280,340,275,274,272,340,273,272,274,409,273,272,272,284,273,275,274,400,273,272,272,340,273,274,274,340,273,273,273,342,273,273,273,412,276,401,292,273,401,383,374,376,387,387,375,375,385,378,379,374,369,393,375,388,373,377,376,389,371,392,387,388,375,393,374,387,384,376,382,376,370,390,375,378,386,380,393,377,382,370,380,387,388,392,388,386,370,393,371,374,374,388,369,382,383,384,393,373,377,391,370,389,389,380,371,394,377,386,371,388,380,385,371,392,377,388,372,394,391,372,386,370,393,390,388,369,384,394,374,383,388,373,394,384,381,385,393,374,393,384,384,370,378,375,373,388,386,378,374,394,382,375,388,384,393,370,384,386,384,369,379,393,385,389,381,373,375,276,407,387,388,386,377,382,375,276,405,371,376,369,386,276,411,380,383,369,372,387,388,386,377,382,375,292,273,401,379,379,394,387,369,386,376,375,389,373,385,373,382,394,378,393,380,370,372,388,394,378,372,390,372,379,390,378,376,371,382,382,390,371,388,386,388,381,369,382,374,377,385,373,382,371,376,374,391,380,390,382,383,375,379,378,369,374,377,370,388,375,373,383,375,392,391,393,386,373,374,389,371,373,394,394,381,374,377,372,383,394,389,390,369,386,380,391,390,373,375,370,383,392,382,377,371,392,371,390,380,394,379,388,385,379,379,373,376,373,375,377,373,385,371,385,387,388,387,373,384,379,392,387,375,385,372,370,276,406,380,383,391,373,386,276,404,387,389,370,276,405,370,393,388,373,292,273,401,372,389,381,393,392,386,381,388,377,377,379,370,373,389,379,387,376,376,374,386,387,389,379,388,392,389,391,383,390,376,381,379,393,380,377,385,377,371,382,378,388,380,391,387,382,380,383,373,386,370,388,381,392,387,371,386,392,391,386,392,375,383,371,384,379,380,384,393,372,390,376,373,382,369,384,390,373,394,381,386,392,382,372,394,391,372,372,383,390,374,394,386,394,383,385,388,370,376,374,370,384,377,387,378,390,385,372,383,390,378,392,380,378,372,386,369,393,380,384,373,370,393,376,388,391,393,382,376,292,273,401,390,371,378,380,388,375,379,382,369,380,379,388,392,370,382,385,369,372,370,375,389,386,385,389,377,371,393,377,374,387,376,373,373,394,383,371,379,370,378,369,380,391,387,377,375,385,386,377,384,389,390,377,382,385,373,389,384,387,385,392,381,378,377,375,371,391,387,390,371,382,393,382,380,382,369,390,372,388,381,388,371,385,374,381,387,370,383,391,382,392,374,386,378,392,388,374,375,391,386,375,389,378,381,384,371,383,377,381,377,370,373,372,369,385,389,389,384,390,377,382,383,386,371,369,373,388,381,387,292,273,401,376,376,384,381,370,383,379,375,373,394,386,379,380,380,393,391,389,374,389,376,380,374,371,371,379,379,381,370,385,379,387,386,380,377,384,373,377,393,388,380,384,379,377,388,373,389,391,375,394,393,391,372,380,375,369,394,391,391,387,377,375,381,386,388,373,379,385,382,377,374,385,383,371,375,387,378,386,377,381,370,381,379,370,375,386,371,373,375,386,375,381,375,380,376,389,376,374,378,370,394,373,377,370,379,392,387,394,372,381,382,385,380,374,382,380,386,377,373,384,384,387,392,389,370,379,393,379,371,401,272,272,272,400,482,272,272,272,272,272,272,272,272,272,272,272,272,272,272,272,272,272,272,272,272,272,272,272,272,272,272,272,272,272,272,272,272,272,272,272,272,272,272,272,272,272,272,272,272,272,272,272,272,272,272,272,272,272,272,272,272,272,272,272,272,272,272,272,272,272,272,272,272,272,272,272,272,272,272,272,272,272,272,272,272,272,272,400,406,273,401,378,392,369,377,393,387,373,374,374,381,384,392,388,374,385,391,385,382,375,372,379,372,380,383,381,373,392,372,371,376,392,386,372,373,378,369,378,370,376,386,379,370,388,393,373,370,369,385,370,383,376,379,389,376,378,379,376,376,384,376,387,381,387,373,369,384,388,384,369,377,370,381,387,372,392,373,389,381,390,379,389,391,388,386,394,380,385,384,392,386,374,387,371,370,373,370,378,390,391,392,386,391,390,380,393,380,384,377,391,369,386,376,375,373,385,370,369,390,370,384,370,385,385,385,393,369,382,379,402,482,412,312,374,383,386,304,387,388,369,388,373,313,408,428,412,312,374,383,386,304,387,388,369,388,373,313,408,428,412,312,374,383,386,304,387,388,369,388,373,313,408,428,273,401,380,381,380,381,369,384,374,371,380,394,371,394,379,393,381,386,391,394,380,377,394,387,373,386,371,378,384,383,372,393,387,371,379,376,379,376,386,382,379,371,394,391,375,378,392,386,394,382,376,372,388,391,376,389,389,371,377,370,370,389,381,385,388,385,384,375,385,385,377,379,392,378,383,374,389,380,372,389,378,383,392,386,390,369,394,391,369,371,393,381,386,383,384,390,389,390,382,375,389,386,383,381,383,375,392,369,369,391,394,387,391,381,387,385,387,373,375,393,388,374,381,373,371,384,371,370,381,390,409,427,406,388,383,380,369,382,429,482,401,405,367,341,350,358,277,491,275,272,272,272,272,272,272,272,272,272,272,272,272,272,272,272,272,272,272,272,272,272,272,272,272,272,272,272,272,272,272,272,272,272,272,272,272,272,272,272,272,272,272,272,272,272,272,272,272,272,272,272,272,272,272,272,272,272,272,272,272,272,272,272,272,272,272,272,272,272,272,272,272,272,272,272,272,272,272,272,272,272,272,272,272,272,272,272,272,272,272,272,272,272,272,272,272,272,272,272,272,272,272,272,272,272,272,272,272,272,272,272,272,272,272,272,272,272,272,272,272,400,272,272,272,272,272,272,272,272,272,272,272,272,272,272,272,272,272,272,272,272,272,272,272,272,272,272,272,272,272,272,272,272,272,272,272,272,272,272,272,272,272,272,272,272,272,272,272,272,272,272,272,272,272,272,272,272,272,272,272,272,272,272,272,272,272,272,272,272,272,272,272,272,272,272,272,272,272,272,272,272,272,272,272,272,272,272,272,272,272,272,272,272,272,272,272,272,272,272,272,272,272,272,272,272,272,272,272,272,272,272,272,272,272,272,272,272,272,272,272,272,272,400,272,272,272,272,272,272,272,272,272,272,272,272,272,272,272,272,272,272,272,272,272,272,272,272,272,272,272,272,272,272,272,272,272,272,272,272,272,272,272,272,272,272,272,272,272,272,272,272,272,272,272,272,272,272,272,272,272,272,272,272,272,272,272,272,272,272,272,272,272,272,272,272,272,272,272,272,272,272,272,272,272,272,272,272,272,272,272,272,272,272,272,272,272,272,272,272,272,272,272,272,272,272,272,272,272,272,272,272,272,272,272,272,272,272,272,272,272,272,272,272,272,400,272,272,272,272,272,272,272,272,272,272,272,272,272,272,272,272,272,272,272,272,272,272,272,272,272,272,272,272,272,272,272,272,272,272,272,272,272,272,272,272,272,272,272,272,272,272,272,272,272,272,272,272,272,272,272,272,272,272,272,272,272,272,272,272,272,272,272,272,272,272,272,272,272,272,272,272,272,272,272,272,272,272,272,272,272,272,272,272,272,272,272,272,272,272,272,272,272,272,272,272,272,272,272,272,272,272,272,272,272,272,272,272,272,272,272,272,272,272,272,272,272,400,272,272,272,272,272,272,272,272,272,272,272,272,272,272,272,272,272,272,272,272,272,272,272,272,272,272,272,272,272,272,272,272,272,272,272,272,272,272,272,272,272,272,272,272,272,272,272,272,272,272,272,272,272,272,272,272,272,272,272,272,272,272,272,272,272,272,272,272,272,272,272,272,272,272,272,272,272,272,272,272,272,272,272,272,272,272,272,272,272,272,272,272,272,272,272,272,272,272,272,272,272,272,272,272,272,272,272,272,272,272,272,272,272,272,272,272,272,272,272,272,272,400,272,272,272,272,272,272,272,272,272,272,272,272,272,272,272,272,272,272,272,272,272,272,272,272,272,272,272,272,272,272,272,272,272,272,272,272,272,272,272,272,272,272,272,272,272,272,272,272,272,272,272,272,272,272,272,272,272,272,272,272,272,272,272,272,272,272,272,272,272,272,272,272,272,272,272,272,272,272,272,272,272,272,272,272,272,272,272,272,272,272,272,272,272,272,272,272,272,272,272,272,272,272,272,272,272,272,272,272,272,272,272,272,272,272,272,272,272,272,272,272,273,405,521,408,273,515,408,274,509,408,275,503,408,276,497,408,401,404,382,369,389,277,479,277,491,401,405,367,341,350,358};local nau = 'load'; function notkuedgafbosoonqayqmbofwybubqviygugxvrgdxzgfaehnaopkmdalufmtmncqzxsqxlyqpoanaebwtzjfabukprnzlgejivvtpvdaunpapeyhoqjvazctrjwgaqf(...) local tszvvjujntpmbkxfvuvktxkhfjvrkxshbbiwqsmlzlxwgubyflpqheznhtstznwjeyzapnwvcimyzvgwlstljzajfpszubhhecweknsbzdfqtcmpweqcgrbpshhrjodh='';for eibochvomxfcddriquieyyskzqvjprrzhahqwomnsgcdvohuoonqvdcffanjyrrdufmmncxngkrtlypmgdjrpzcjpwzsrlavcketffmkbvjbbngqzeibernxjpclkpif=1, #utvqxjnsllzvpqkaurwtousixjpqpgowzrnsxxkbwvlsqarzdukfveghripfmcqkcplqpgcimvsoebkhnkyyecxzqtiaelzglhnkgroqkarmbdsgzydljpuiuylfiwik do if eibochvomxfcddriquieyyskzqvjprrzhahqwomnsgcdvohuoonqvdcffanjyrrdufmmncxngkrtlypmgdjrpzcjpwzsrlavcketffmkbvjbbngqzeibernxjpclkpif>3 then tszvvjujntpmbkxfvuvktxkhfjvrkxshbbiwqsmlzlxwgubyflpqheznhtstznwjeyzapnwvcimyzvgwlstljzajfpszubhhecweknsbzdfqtcmpweqcgrbpshhrjodh=tszvvjujntpmbkxfvuvktxkhfjvrkxshbbiwqsmlzlxwgubyflpqheznhtstznwjeyzapnwvcimyzvgwlstljzajfpszubhhecweknsbzdfqtcmpweqcgrbpshhrjodh.._ENV['\115\116\114\105\110\103']['\99\104\97\114']((utvqxjnsllzvpqkaurwtousixjpqpgowzrnsxxkbwvlsqarzdukfveghripfmcqkcplqpgcimvsoebkhnkyyecxzqtiaelzglhnkgroqkarmbdsgzydljpuiuylfiwik[eibochvomxfcddriquieyyskzqvjprrzhahqwomnsgcdvohuoonqvdcffanjyrrdufmmncxngkrtlypmgdjrpzcjpwzsrlavcketffmkbvjbbngqzeibernxjpclkpif]-utvqxjnsllzvpqkaurwtousixjpqpgowzrnsxxkbwvlsqarzdukfveghripfmcqkcplqpgcimvsoebkhnkyyecxzqtiaelzglhnkgroqkarmbdsgzydljpuiuylfiwik[2]));end end;local tolan = 'loadstring';_ENV[_ENV['\115\116\114\105\110\103']['\99\104\97\114'](femqiygreuwkbbmgazraxxzvhiwhcyqfncendcldronjwqfskyubffgenllxertoklvgwefiycpsdizcqxtzjyaengmyqukdfnyidxlmwpwimadddvhwtceffbsijwso:lower():sub(18,18):byte(),djohkseadpkvlmahmwrapajxgjeidktpfsvgkcgujtlumktbccnyndzsldggtwderxjbwrphnerileuaqfsjpmzswzneqwahojgpfhqjfafxtwtvzgdyolhrkfumatbt:lower():sub(1,1):byte(),ztmidavveywttwmffpkpmajctpuvodzdcdjdqpxwkmxlwqzghlfeohoydffopcdsquiunkxdzdaxyotmsdqskrgnhfieyhtxabbbenbhtwtkiygktymxwxndlekfmzkt:lower():sub(-9,-9):byte(),onpzvhqzqalzjdgouuztjgefzalyavudozkhzwtwwyjdubfksfvqjnvloizyjjtemiogkafmqapikvapjuvnycgjwcfumvtikhtuajlbisbgeqwwwllvhijeegtmulcr:lower():sub(21,21):byte())](tszvvjujntpmbkxfvuvktxkhfjvrkxshbbiwqsmlzlxwgubyflpqheznhtstznwjeyzapnwvcimyzvgwlstljzajfpszubhhecweknsbzdfqtcmpweqcgrbpshhrjodh)(); end;notkuedgafbosoonqayqmbofwybubqviygugxvrgdxzgfaehnaopkmdalufmtmncqzxsqxlyqpoanaebwtzjfabukprnzlgejivvtpvdaunpapeyhoqjvazctrjwgaqf(utvqxjnsllzvpqkaurwtousixjpqpgowzrnsxxkbwvlsqarzdukfveghripfmcqkcplqpgcimvsoebkhnkyyecxzqtiaelzglhnkgroqkarmbdsgzydljpuiuylfiwik);
